18895
18896
18897
18898
18899
18900
18901
18902
18903
18904
18905
18906
18907
18908
18909
18910
18911
18912
18913
18914
18915
18916
18917
18918
18919
18920
18921
18922
18923
18924
18925
18926
18927
18928
18929
18930
18931
18932
18933
18934
18935
18936
18937
18938
18939
18940
18941
18942
18943
18944
18945
18946
18947
18948
18949
18950
18951
18952
18953
18954
18955
18956
18957
18958
18959
18960
18961
18962
19514
19141
18964
18965
19778
19779
19780
19781
19782
19783
19784
19785
19163
19520
19521
18967
18968
18969
19114
19115
19117
19119
19120
19200
19488
19064
19065
19066
18975
19516
18970
18971
18972
18973
19553
19487
19095
19096
19100
19330
19331
11735
19137
19528
19421
19422
19423
19424
11704
19097
19098
19099
19801
18638
18966
19558
18974
18976
18977
18978
18979
19006
19007
19008
19009
19010
19011
19012
19013
19014
19015
19016
19017
19018
19019
19020
19021
19022
19023
19024
19025
19026
19027
19028
19029
19030
19031
19032
19033
19034
19035
19036
19037
19038
19039
19040
19041
19042
19043
19044
19045
19046
19047
19048
19049
19050
19051
19052
19053
19160
19161
19162
18636
19942
19078
19079
19904
19319
19318
19317
19138
19139
19140
19896
19897
19085